,item,id,category_id,category,round,listnum
0,giraffe,7,2,zoo,1,1
1,lizard,7,2,zoo,1,1
2,tiger,7,2,zoo,1,1
3,lion,7,2,zoo,1,1
4,leopard,7,2,zoo,1,1
5,cheetah,7,2,zoo,1,1
6,snake,7,2,zoo,1,1
7,iguanodon,7,2,zoo,1,1
8,kangaroo,7,2,zoo,1,1
9,turkey,7,2,zoo,1,1
10,chicken,7,2,zoo,1,1
11,monkey,7,2,zoo,1,1
12,bear,7,2,zoo,1,1
13,bat,7,2,zoo,1,1
14,gecko,7,2,zoo,1,1
15,rattlesnake,7,2,zoo,1,1
16,king,7,2,zoo,1,1
17,cobra,7,2,zoo,1,1
18,leopard,7,2,zoo,1,1
19,komodo dragon,7,2,zoo,3,2
20,bat,7,2,zoo,3,2
21,crocodile,7,2,zoo,3,2
22,snake,7,2,zoo,3,2
23,cheetah,7,2,zoo,3,2
24,leopard,7,2,zoo,3,2
25,tiger,7,2,zoo,3,2
26,lion,7,2,zoo,3,2
27,flamingo,7,2,zoo,3,2
28,gopher,7,2,zoo,3,2
29,turtle,7,2,zoo,3,2
30,bunny,7,2,zoo,3,2
31,dormouse,7,2,zoo,3,2
32,rat,7,2,zoo,3,2
33,beaver,7,2,zoo,3,2
34,coyote,7,2,zoo,3,2
35,fox,7,2,zoo,3,2
36,shark,8,2,zoo,2,3
37,elephant,8,2,zoo,2,3
38,zebra,8,2,zoo,2,3
39,turtle,8,2,zoo,2,3
40,bunny,8,2,zoo,2,3
41,horse,8,2,zoo,2,3
42,crocodile,8,2,zoo,2,3
43,seal,8,2,zoo,2,3
44,paper towel,8,2,zoo,2,3
45,paper towel,8,2,zoo,2,3
46,food,8,2,zoo,2,3
47,guinea pig,8,2,zoo,2,3
48,job,8,2,zoo,2,3
49,zebra,8,2,zoo,4,4
50,turtle,8,2,zoo,4,4
51,seal,8,2,zoo,4,4
52,crocodile,8,2,zoo,4,4
53,lion,8,2,zoo,4,4
54,tiger,8,2,zoo,4,4
55,zebra,8,2,zoo,4,4
56,elephant,8,2,zoo,4,4
57,fish,8,2,zoo,4,4
58,turtle,8,2,zoo,4,4
59,fox,8,2,zoo,4,4
60,alligator,9,2,zoo,2,5
61,pig,9,2,zoo,2,5
62,peacock,9,2,zoo,2,5
63,crocodile,9,2,zoo,2,5
64,swine,9,2,zoo,2,5
65,parrot,9,2,zoo,2,5
66,hummingbird,9,2,zoo,2,5
67,goat,9,2,zoo,2,5
68,sheep,9,2,zoo,2,5
69,monkey,9,2,zoo,2,5
70,zoo,9,2,zoo,2,5
71,monkey,9,2,zoo,2,5
72,parrot,9,2,zoo,2,5
73,sheep,9,4,zoo,4,6
74,deer,9,4,zoo,4,6
75,pig,9,4,zoo,4,6
76,swine,9,4,zoo,4,6
77,warthog,9,4,zoo,4,6
78,alligator,9,4,zoo,4,6
79,crocodile,9,4,zoo,4,6
80,monkey,9,4,zoo,4,6
81,peacock,9,4,zoo,4,6
82,parrot,9,4,zoo,4,6
83,birdie,9,4,zoo,4,6
84,hummingbird,9,4,zoo,4,6
85,chicken,9,4,zoo,4,6
86,panda,9,4,zoo,4,6
87,birdie,9,4,zoo,4,6
88,monkey,10,2,zoo,2,7
89,zoo,10,2,zoo,2,7
90,elephant,10,2,zoo,2,7
91,cheetah,10,2,zoo,2,7
92,tiger,10,2,zoo,2,7
93,lion,10,2,zoo,2,7
94,alligator,10,2,zoo,2,7
95,fox,10,2,zoo,2,7
96,chicken,10,2,zoo,2,7
97,crocodile,10,2,zoo,2,7
98,fish,10,2,zoo,2,7
99,crocodile,10,2,zoo,4,8
100,monkey,10,2,zoo,4,8
101,alligator,10,2,zoo,4,8
102,horse,10,2,zoo,4,8
103,guinea,10,2,zoo,4,8
104,pig,10,2,zoo,4,8
105,monkey,10,2,zoo,4,8
106,chicken,10,2,zoo,4,8
107,nature place,11,2,zoo,2,9
108,bear,11,2,zoo,2,9
109,penguin,11,2,zoo,2,9
110,giraffe,11,2,zoo,2,9
111,chicken,11,2,zoo,2,9
112,cow,11,2,zoo,2,9
113,monkey,11,2,zoo,2,9
114,moose,11,2,zoo,2,9
115,fox,11,2,zoo,2,9
116,flamingo,11,2,zoo,2,9
117,elephant,11,2,zoo,2,9
118,leopard,11,2,zoo,2,9
119,lion,11,2,zoo,2,9
120,cheetah,11,2,zoo,2,9
121,fish,11,2,zoo,2,9
122,goldfish,11,2,zoo,2,9
123,salmon,11,2,zoo,2,9
124,bird,11,2,zoo,4,10
125,flamingo,11,2,zoo,4,10
126,building,11,2,zoo,4,10
127,water,11,2,zoo,4,10
128,post,11,2,zoo,4,10
129,car,11,2,zoo,4,10
130,parking garage,11,2,zoo,4,10
131,parking lot,11,2,zoo,4,10
132,tree,11,2,zoo,4,10
133,ice stuff,11,2,zoo,4,10
134,bear,11,2,zoo,4,10
135,penguin,11,2,zoo,4,10
136,lion,11,2,zoo,4,10
137,leopard,11,2,zoo,4,10
138,flamingo,11,2,zoo,4,10
139,elephant,11,2,zoo,4,10
140,blue sky,11,2,zoo,4,10
141,cloud,11,2,zoo,4,10
142,leaf,11,2,zoo,4,10
143,sidewalk,11,2,zoo,4,10
144,cage,11,2,zoo,4,10
145,eye,11,2,zoo,4,10
146,arm,11,2,zoo,4,10
147,giraffe,11,2,zoo,4,10
148,trunk,11,2,zoo,4,10
149,monkey,12,2,zoo,2,11
150,giraffe,12,2,zoo,2,11
151,elephant,12,2,zoo,2,11
152,alligator,12,2,zoo,2,11
153,giraffe,12,4,zoo,4,12
154,elephant,12,4,zoo,4,12
155,monkey,12,4,zoo,4,12
156,ostrich,12,4,zoo,4,12
157,elephant,12,4,zoo,4,12
158,zebra toy,13,4,zoo,1,13
159,giraffe toy,13,4,zoo,1,13
160,lion toy,13,4,zoo,1,13
161,tiger toy,13,4,zoo,1,13
162,toy,13,4,zoo,1,13
163,monkey toy,13,4,zoo,1,13
164,monkey food,13,4,zoo,1,13
165,zebra,13,4,zoo,1,13
166,zoo constructor,13,4,zoo,1,13
167,officer,13,4,zoo,1,13
168,tree,13,4,zoo,1,13
169,lion,13,2,zoo,4,14
170,giraffe,13,2,zoo,4,14
171,lion,13,2,zoo,4,14
172,zebra,13,2,zoo,4,14
173,jaguar,13,2,zoo,4,14
174,monkey,13,2,zoo,4,14
175,jaguar,13,2,zoo,4,14
176,jaguar,13,2,zoo,4,14
177,cheetah,13,2,zoo,4,14
178,monkey,13,2,zoo,4,14
179,giraffe,13,2,zoo,4,14
180,lion,14,2,zoo,1,15
181,tiger,14,2,zoo,1,15
182,elephant,14,2,zoo,1,15
183,monkey,14,2,zoo,1,15
184,giraffe,14,2,zoo,1,15
185,bear,14,2,zoo,1,15
186,penguin,14,2,zoo,1,15
187,cheetah,14,2,zoo,1,15
188,jaguar,14,2,zoo,1,15
189,flamingo,14,2,zoo,1,15
190,chimpanzee,14,2,zoo,1,15
191,parrot,14,2,zoo,1,15
192,lion,14,2,zoo,3,16
193,tiger,14,2,zoo,3,16
194,flamingo,14,2,zoo,3,16
195,monkey,14,2,zoo,3,16
196,chimpanzee,14,2,zoo,3,16
197,giraffe,14,2,zoo,3,16
198,bear,14,2,zoo,3,16
199,penguin,14,2,zoo,3,16
200,fox,14,2,zoo,3,16
201,crocodile,14,2,zoo,3,16
202,alligator,14,2,zoo,3,16
203,bird,14,2,zoo,3,16
204,parrot,14,2,zoo,3,16
205,dog,14,2,zoo,3,16
206,dog,14,2,zoo,3,16
207,dog,15,2,zoo,2,17
208,cat,15,2,zoo,2,17
209,lion,15,2,zoo,2,17
210,tiger,15,2,zoo,2,17
211,farm animal,15,2,zoo,2,17
212,cow,15,2,zoo,2,17
213,pig,15,2,zoo,2,17
214,horse,15,2,zoo,2,17
215,sheep,15,2,zoo,2,17
216,bull,15,2,zoo,2,17
217,chimpanzee,15,2,zoo,2,17
218,monkey,15,2,zoo,2,17
219,monkey,15,2,zoo,2,17
220,spider,15,2,zoo,2,17
221,tarantula,15,2,zoo,2,17
222,snake,15,2,zoo,2,17
223,tarantula,15,2,zoo,4,18
224,spider,15,2,zoo,4,18
225,snake,15,2,zoo,4,18
226,shark,15,2,zoo,4,18
227,orca,15,2,zoo,4,18
228,deer,15,2,zoo,4,18
229,sheep,15,2,zoo,4,18
230,cow,15,2,zoo,4,18
231,parrot,15,2,zoo,4,18
232,fox,15,2,zoo,4,18
233,bear,15,2,zoo,4,18
234,fish,15,2,zoo,4,18
235,crab,15,2,zoo,4,18
236,jellyfish,15,2,zoo,4,18
237,bamboo shark,15,2,zoo,4,18
238,epaulette shark,15,2,zoo,4,18
239,pig,15,2,zoo,4,18
240,zebra,18,2,zoo,2,19
241,skunk,18,2,zoo,2,19
242,hippo,18,2,zoo,2,19
243,rhino,18,2,zoo,2,19
244,monkey,18,2,zoo,2,19
245,gorilla,18,2,zoo,2,19
246,chimpanzee,18,2,zoo,2,19
247,zebra,18,2,zoo,2,19
248,lizard,18,2,zoo,2,19
249,butt monkey,18,2,zoo,2,19
250,butt,18,2,zoo,2,19
251,koala,18,2,zoo,4,20
252,panda,18,2,zoo,4,20
253,hippo,18,2,zoo,4,20
254,chimpanzee,18,2,zoo,4,20
255,gorilla,18,2,zoo,4,20
256,monkey,18,2,zoo,4,20
257,butt monkey,18,2,zoo,4,20
258,monkey,18,2,zoo,4,20
259,horse,18,2,zoo,4,20
260,zebra,18,2,zoo,4,20
261,pony,18,2,zoo,4,20
262,chimpanzee,18,2,zoo,4,20
263,donkey,18,2,zoo,4,20
264,food,18,2,zoo,4,20
265,zebra,19,2,zoo,2,21
266,rhino,19,2,zoo,2,21
267,bear,19,2,zoo,2,21
268,monkey,19,2,zoo,2,21
269,gorilla,19,2,zoo,2,21
270,lion,19,2,zoo,2,21
271,tiger,19,2,zoo,2,21
272,leopard,19,2,zoo,2,21
273,panther,19,2,zoo,2,21
274,penguin,19,2,zoo,2,21
275,fish,19,2,zoo,2,21
276,shark,19,2,zoo,2,21
277,lemur,19,2,zoo,2,21
278,lemur,19,2,zoo,2,21
279,penguin,19,2,zoo,2,21
280,zebra,19,2,zoo,4,22
281,rhino,19,2,zoo,4,22
282,tiger,19,2,zoo,4,22
283,lion,19,2,zoo,4,22
284,panther,19,2,zoo,4,22
285,jaguar,19,2,zoo,4,22
286,leopard,19,2,zoo,4,22
287,cheetah,19,2,zoo,4,22
288,mole rat,19,2,zoo,4,22
289,fish,19,2,zoo,4,22
290,penguin,19,2,zoo,4,22
291,penguin,19,2,zoo,4,22
292,bear,19,2,zoo,4,22
293,ladybug,19,2,zoo,4,22
294,grasshopper,19,2,zoo,4,22
295,armadillo,19,2,zoo,4,22
296,toy,20,2,zoo,2,23
297,tiger,20,2,zoo,2,23
298,kid,20,2,zoo,2,23
299,dinosaur,20,2,zoo,2,23
300,t-rex,20,2,zoo,2,23
301,raptor,20,2,zoo,2,23
302,spider,20,2,zoo,2,23
303,cat,20,2,zoo,2,23
304,em,20,2,zoo,2,23
305,toy,20,2,zoo,2,23
306,wall,20,2,zoo,2,23
307,dragon toy,20,2,zoo,2,23
308,car,20,2,zoo,2,23
309,monster truck,20,2,zoo,2,23
310,monster car,20,2,zoo,2,23
311,zebra,20,2,zoo,4,24
312,gorilla,20,2,zoo,4,24
313,elephant,20,2,zoo,4,24
314,kitty,20,2,zoo,4,24
315,doggy,20,2,zoo,4,24
316,tinier,20,2,zoo,4,24
317,owl,20,2,zoo,4,24
318,tiger,20,2,zoo,4,24
319,cheetah,20,2,zoo,4,24
320,elephant,20,2,zoo,4,24
321,giant elephant,20,2,zoo,4,24
322,hedgehog,20,2,zoo,4,24
323,hedgehog,20,2,zoo,4,24
324,horse,21,2,zoo,1,25
325,tiger,21,2,zoo,1,25
326,zebra,21,2,zoo,1,25
327,timer,21,2,zoo,1,25
328,ball,21,2,zoo,1,25
329,hand,21,2,zoo,1,25
330,zebra,21,2,zoo,3,26
331,zebra,21,2,zoo,3,26
332,tiger,21,2,zoo,3,26
333,pizza,21,2,zoo,3,26
334,vegetable,21,2,zoo,3,26
335,vegetable,21,2,zoo,3,26
336,zoo,21,2,zoo,3,26
337,carrot,21,2,zoo,3,26
338,rabbit,21,2,zoo,3,26
339,zebra,21,2,zoo,3,26
340,animal,21,2,zoo,3,26
341,tummy animal,21,2,zoo,3,26
342,animal,21,2,zoo,3,26
343,carrot,21,2,zoo,3,26
344,monkey,22,2,zoo,1,27
345,zebra,22,2,zoo,1,27
346,lion,22,2,zoo,1,27
347,gorilla,22,2,zoo,1,27
348,tiger,22,2,zoo,1,27
349,bear,22,2,zoo,1,27
350,penguin,22,2,zoo,1,27
351,panda,22,2,zoo,1,27
352,horse,22,2,zoo,1,27
353,chimpanzee,22,2,zoo,1,27
354,cheetah,22,2,zoo,1,27
355,monkey,22,2,zoo,3,28
356,gorilla,22,2,zoo,3,28
357,chimpanzee,22,2,zoo,3,28
358,zebra,22,2,zoo,3,28
359,horse,22,2,zoo,3,28
360,panda,22,2,zoo,3,28
361,panda,22,2,zoo,3,28
362,elephant,22,2,zoo,3,28
363,giraffe,22,2,zoo,3,28
364,eagle,22,2,zoo,3,28
365,zebra,23,2,zoo,1,29
366,lion,23,2,zoo,1,29
367,giraffe,23,2,zoo,1,29
368,elephant,23,2,zoo,1,29
369,alligator,23,2,zoo,1,29
370,turtle,23,2,zoo,1,29
371,penguin,23,2,zoo,1,29
372,alligator,23,2,zoo,3,30
373,penguin,23,2,zoo,3,30
374,turtle,23,2,zoo,3,30
375,phone,23,2,zoo,3,30
376,purse,23,2,zoo,3,30
377,carrot,23,2,zoo,3,30
378,kid,23,2,zoo,3,30
379,glass,23,2,zoo,3,30
380,alligator,23,2,zoo,3,30
381,crocodile,23,2,zoo,3,30
382,elephant,23,2,zoo,3,30
383,dog,24,2,zoo,1,31
384,giraffe,24,2,zoo,1,31
385,lion,24,2,zoo,1,31
386,monkey,24,2,zoo,1,31
387,bonobo,24,2,zoo,1,31
388,fox,24,2,zoo,1,31
389,panda,24,2,zoo,1,31
390,panda,24,2,zoo,1,31
391,frog,24,2,zoo,1,31
392,snake,24,2,zoo,1,31
393,lizard,24,2,zoo,1,31
394,fish,24,2,zoo,1,31
395,chimpanzee,24,2,zoo,1,31
396,tiger,24,2,zoo,1,31
397,dog,24,2,zoo,3,32
398,cat,24,2,zoo,3,32
399,logo,24,2,zoo,3,32
400,pineapple,24,2,zoo,3,32
401,zebra,24,2,zoo,3,32
402,antelope,24,2,zoo,3,32
403,jaguar,24,2,zoo,3,32
404,leopard,24,2,zoo,3,32
405,dog,24,2,zoo,3,32
406,lizard,24,2,zoo,3,32
407,snake,24,2,zoo,3,32
408,zoo,25,2,zoo,2,33
409,elephant,25,2,zoo,2,33
410,giraffe,25,2,zoo,2,33
411,buffalo,25,2,zoo,2,33
412,zoo,25,2,zoo,2,33
413,zebra,25,2,zoo,2,33
414,sea penguin,25,2,zoo,4,34
415,monkey,26,2,zoo,2,35
416,monkey,26,2,zoo,2,35
417,gorilla,26,2,zoo,2,35
418,silver gorilla,26,2,zoo,2,35
419,silver,26,2,zoo,2,35
420,kind,26,2,zoo,2,35
421,cricket,26,2,zoo,2,35
422,cheetah,26,2,zoo,4,36
423,lion,26,2,zoo,4,36
424,koala,26,2,zoo,4,36
425,werewolf,26,2,zoo,4,36
426,lion,26,2,zoo,4,36
427,cub,26,2,zoo,4,36
428,spider,26,2,zoo,4,36
429,kind bug,26,2,zoo,4,36
430,fly,26,2,zoo,4,36
431,zebra,28,2,zoo,2,37
432,giraffe,28,2,zoo,2,37
433,animal,28,2,zoo,2,37
434,parrot,28,2,zoo,2,37
435,bat,28,2,zoo,2,37
436,elephant,28,2,zoo,2,37
437,monkey,28,2,zoo,2,37
438,chimpanzee,28,2,zoo,2,37
439,plum,28,2,zoo,2,37
440,monkey,28,2,zoo,2,37
441,ape,28,2,zoo,2,37
442,orangutan,28,2,zoo,2,37
443,parent,28,2,zoo,4,38
444,snake,28,2,zoo,4,38
445,animal,29,2,zoo,2,39
446,popsicle,29,2,zoo,2,39
447,food,29,2,zoo,2,39
448,panda,29,2,zoo,2,39
449,tiger,29,2,zoo,2,39
450,lion,29,2,zoo,2,39
451,zebra,29,2,zoo,2,39
452,giraffe,29,2,zoo,2,39
453,elephant,29,2,zoo,2,39
454,popcorn,29,2,zoo,2,39
455,cotton candy,29,2,zoo,2,39
456,gorilla,29,2,zoo,2,39
457,bunny,29,2,zoo,2,39
458,horse,29,2,zoo,2,39
459,pig,29,2,zoo,2,39
460,monkey,29,2,zoo,2,39
461,hippo,29,2,zoo,4,40
462,penguin,29,2,zoo,4,40
463,turtle,29,2,zoo,4,40
464,shark,29,2,zoo,4,40
465,hammerhead shark,29,2,zoo,4,40
466,giraffe,29,2,zoo,4,40
467,zebra,29,2,zoo,4,40
468,horse,29,2,zoo,4,40
469,panda,29,2,zoo,4,40
470,tiger,29,2,zoo,4,40
471,clown,29,2,zoo,4,40
472,dog stand,29,2,zoo,4,40
473,zookeeper,29,2,zoo,4,40
474,popsicle,29,2,zoo,4,40
475,sea turtle,29,2,zoo,4,40
476,rhino,30,2,zoo,1,41
477,tiger,30,2,zoo,1,41
478,panda,30,2,zoo,1,41
479,panda,30,2,zoo,1,41
480,flamingo,30,2,zoo,1,41
481,zookeeper,30,2,zoo,1,41
482,garbage,30,2,zoo,1,41
483,penguin,30,2,zoo,1,41
484,snake,30,2,zoo,1,41
485,platypu,30,2,zoo,1,41
486,turtle,30,2,zoo,1,41
487,monkey,30,2,zoo,1,41
488,tiger,30,2,zoo,3,42
489,flamingo,30,2,zoo,3,42
490,turtle,30,2,zoo,3,42
491,tortoise,30,2,zoo,3,42
492,panda,30,2,zoo,3,42
493,koala,30,2,zoo,3,42
494,flamingo,30,2,zoo,3,42
495,rhino,30,2,zoo,3,42
496,monkey,30,2,zoo,3,42
497,turtle,30,2,zoo,3,42
498,ant,30,2,zoo,3,42
499,garbage,30,2,zoo,3,42
500,cage,30,2,zoo,3,42
501,zookeeper,30,2,zoo,3,42
502,flamingo,30,2,zoo,3,42
503,penguin,30,2,zoo,3,42
504,zebra,31,2,zoo,1,43
505,monkey,31,2,zoo,1,43
506,parrot,31,2,zoo,1,43
507,bird,31,2,zoo,1,43
508,crocodile,31,2,zoo,1,43
509,tiger,31,2,zoo,1,43
510,cheetah,31,2,zoo,1,43
511,bunny,31,2,zoo,1,43
512,turtle,31,2,zoo,1,43
513,bunny,31,2,zoo,3,44
514,turtle,31,2,zoo,3,44
515,zebra,31,2,zoo,3,44
516,parrot,31,2,zoo,3,44
517,bird,31,2,zoo,3,44
518,bunny,31,2,zoo,3,44
519,frog,31,2,zoo,3,44
520,goat,31,2,zoo,3,44
521,snake,31,2,zoo,3,44
522,frog,31,2,zoo,3,44
523,bunny,31,2,zoo,3,44
524,bird,31,2,zoo,3,44
525,parrot,31,2,zoo,3,44
526,frog,31,2,zoo,3,44
527,giraffe,32,2,zoo,1,45
528,elephant,32,2,zoo,1,45
529,lion,32,2,zoo,1,45
530,cheetah,32,2,zoo,1,45
531,jaguar,32,2,zoo,1,45
532,rhino,32,2,zoo,1,45
533,elephant,32,2,zoo,1,45
534,frog,32,2,zoo,1,45
535,turtle,32,2,zoo,1,45
536,crocodile,32,2,zoo,1,45
537,alligator,32,2,zoo,1,45
538,penguin,32,2,zoo,1,45
539,dolphin,32,2,zoo,1,45
540,lion,32,2,zoo,3,46
541,alligator,32,2,zoo,3,46
542,crocodile,32,2,zoo,3,46
543,fish,32,2,zoo,3,46
544,alligator,32,2,zoo,3,46
545,lion,32,2,zoo,3,46
546,elephant,32,2,zoo,3,46
547,tiger,32,2,zoo,3,46
548,fish,32,2,zoo,3,46
549,turtle,32,2,zoo,3,46
550,frog,32,2,zoo,3,46
551,penguin,32,2,zoo,3,46
552,lion,32,2,zoo,3,46
553,cheetah,32,2,zoo,3,46
554,jaguar,32,2,zoo,3,46
555,poisonou,32,2,zoo,3,46
556,frog,32,2,zoo,3,46
557,zebra,35,4,zoo,2,47
558,lion,35,4,zoo,2,47
559,tiger,35,4,zoo,2,47
560,turtle,35,4,zoo,2,47
561,penguin,35,4,zoo,2,47
562,dolphin,35,4,zoo,2,47
563,elephant,35,4,zoo,2,47
564,cat,35,4,zoo,2,47
565,zebra,35,4,zoo,2,47
566,penguin,35,2,zoo,4,48
567,zebra,35,2,zoo,4,48
568,lion,35,2,zoo,4,48
569,bird,35,2,zoo,4,48
570,penguin,35,2,zoo,4,48
571,dolphin,35,2,zoo,4,48
572,dolphin,35,2,zoo,4,48
573,lion,35,2,zoo,4,48
574,vulture,35,2,zoo,4,48
575,giraffe,36,2,zoo,2,49
576,tiger,36,2,zoo,2,49
577,lion,36,2,zoo,2,49
578,monkey,36,2,zoo,2,49
579,tiger,36,2,zoo,2,49
580,pig,36,2,zoo,2,49
581,giraffe,36,2,zoo,4,50
582,tiger,36,2,zoo,4,50
583,lion,36,2,zoo,4,50
584,monkey,36,2,zoo,4,50
585,pig,36,2,zoo,4,50
586,snake,37,2,zoo,1,51
587,giraffe,37,2,zoo,1,51
588,elephant,37,2,zoo,1,51
589,monkey,37,2,zoo,1,51
590,bird,37,2,zoo,1,51
591,bird,37,2,zoo,1,51
592,hippo,37,2,zoo,1,51
593,crocodile,37,2,zoo,1,51
594,flamingo,37,2,zoo,1,51
595,monkey,37,2,zoo,1,51
596,turtle,37,2,zoo,1,51
597,insect,37,2,zoo,1,51
598,tree,37,2,zoo,1,51
599,zebra,37,2,zoo,3,52
600,monkey,37,2,zoo,3,52
601,giraffe,37,2,zoo,3,52
602,parrot,37,2,zoo,3,52
603,monkey,37,2,zoo,3,52
604,dolphin,37,2,zoo,3,52
605,lion,37,2,zoo,3,52
606,zebra,38,2,zoo,1,53
607,giraffe,38,2,zoo,1,53
608,lion,38,2,zoo,1,53
609,tiger,38,2,zoo,1,53
610,snake,38,2,zoo,1,53
611,alligator,38,2,zoo,1,53
612,crocodile,38,2,zoo,1,53
613,tiger,38,2,zoo,3,54
614,country rat,38,2,zoo,3,54
615,dragon,38,2,zoo,3,54
616,snake,38,2,zoo,3,54
617,shark,38,2,zoo,3,54
618,whale,38,2,zoo,3,54
619,orca,38,2,zoo,3,54
620,zebra,40,2,zoo,1,55
621,dog,40,2,zoo,1,55
622,cat,40,2,zoo,1,55
623,fish,40,2,zoo,1,55
624,mouse,40,2,zoo,1,55
625,cat,40,2,zoo,1,55
626,duck,40,2,zoo,1,55
627,bird,40,2,zoo,1,55
628,fish,40,2,zoo,1,55
629,turtle,40,2,zoo,1,55
630,mouse,40,2,zoo,1,55
631,horse,40,2,zoo,1,55
632,bear,40,2,zoo,1,55
633,bear,40,2,zoo,1,55
634,zebra,40,2,zoo,1,55
635,horse,40,2,zoo,1,55
636,zoo,40,2,zoo,3,56
637,dog,40,2,zoo,3,56
638,fish,40,2,zoo,3,56
639,horse,40,2,zoo,3,56
640,cat,40,2,zoo,3,56
641,zebra,40,2,zoo,3,56
642,cat,40,2,zoo,3,56
643,zebra,40,2,zoo,3,56
644,dog,40,2,zoo,3,56
645,moose,40,2,zoo,3,56
646,duck,40,2,zoo,3,56
647,horse,40,2,zoo,3,56
648,moose,40,2,zoo,3,56
649,bar,41,2,zoo,2,57
650,monkey,41,2,zoo,2,57
651,chimp,41,2,zoo,2,57
652,lion,41,2,zoo,2,57
653,tiger,41,2,zoo,2,57
654,animal,41,2,zoo,2,57
655,kangaroo,41,2,zoo,2,57
656,rat,41,2,zoo,2,57
657,cat,41,2,zoo,2,57
658,fruit,41,2,zoo,2,57
659,zoo,41,2,zoo,2,57
660,strawberry,41,2,zoo,2,57
661,cherry,41,2,zoo,2,57
662,zookeeper,41,2,zoo,2,57
663,chimp,41,2,zoo,4,58
664,rat,41,2,zoo,4,58
665,ox,41,2,zoo,4,58
666,tiger,41,2,zoo,4,58
667,bunny,41,2,zoo,4,58
668,rabbit,41,2,zoo,4,58
669,sheep,41,2,zoo,4,58
670,goat,41,2,zoo,4,58
671,wolf,41,2,zoo,4,58
672,fox,41,2,zoo,4,58
673,monkey,41,2,zoo,4,58
674,chimp,41,2,zoo,4,58
675,rooster,41,2,zoo,4,58
676,pig,41,2,zoo,4,58
677,dog,41,2,zoo,4,58
678,cat,41,2,zoo,4,58
679,kangaroo,41,2,zoo,4,58
680,apple,41,2,zoo,4,58
681,zookeeper,41,2,zoo,4,58
682,apple,41,2,zoo,4,58
683,apple,41,2,zoo,4,58
684,orange,41,2,zoo,4,58
685,mango,41,2,zoo,4,58
686,monkey,42,2,zoo,2,59
687,gorilla,42,2,zoo,2,59
688,penguin,42,2,zoo,2,59
689,whale,42,2,zoo,2,59
690,dolphin,42,2,zoo,2,59
691,shark,42,2,zoo,2,59
692,giraffe,42,2,zoo,2,59
693,pig,42,2,zoo,2,59
694,penguin,42,2,zoo,2,59
695,chicken,42,2,zoo,2,59
696,duck,42,2,zoo,2,59
697,shark,42,2,zoo,2,59
698,whale,42,2,zoo,2,59
699,chicken,42,2,zoo,2,59
700,duck,42,2,zoo,2,59
701,elephant,42,2,zoo,4,60
702,dolphin,42,2,zoo,4,60
703,giraffe,42,2,zoo,4,60
704,pig,42,2,zoo,4,60
705,cow,42,2,zoo,4,60
706,dolphin,42,2,zoo,4,60
707,whale,42,2,zoo,4,60
708,whale,42,2,zoo,4,60
709,shark,42,2,zoo,4,60
710,shark,42,2,zoo,4,60
711,monkey,42,2,zoo,4,60
712,gorilla,42,2,zoo,4,60
713,duck,42,2,zoo,4,60
714,chicken,42,2,zoo,4,60
715,swan,42,2,zoo,4,60
716,flamingo,42,2,zoo,4,60
717,pig,42,2,zoo,4,60
718,gorilla,43,2,zoo,2,61
719,animal,43,2,zoo,2,61
720,whale,43,2,zoo,2,61
721,tiger,43,2,zoo,2,61
722,lion,43,2,zoo,2,61
723,snake,43,2,zoo,2,61
724,penguin,43,2,zoo,2,61
725,bear,43,2,zoo,2,61
726,fish,43,2,zoo,2,61
727,swan,43,2,zoo,2,61
728,duck,43,2,zoo,2,61
729,worm,43,2,zoo,2,61
730,ant,43,2,zoo,2,61
731,bug,43,2,zoo,2,61
732,bear,43,2,zoo,2,61
733,spider,43,2,zoo,2,61
734,snake,43,2,zoo,4,62
735,ant,43,2,zoo,4,62
736,bug,43,2,zoo,4,62
737,insect,43,2,zoo,4,62
738,gorilla,43,2,zoo,4,62
739,penguin,43,2,zoo,4,62
740,penguin,43,2,zoo,4,62
741,insect,43,2,zoo,4,62
742,spider,43,2,zoo,4,62
743,bear,43,2,zoo,4,62
744,bear,43,2,zoo,4,62
745,swan,43,2,zoo,4,62
746,duck,43,2,zoo,4,62
747,dog,43,2,zoo,4,62
748,person,43,2,zoo,4,62
749,flamingo,43,2,zoo,4,62
750,snake,43,2,zoo,4,62
751,whale,43,2,zoo,4,62
752,fish,43,2,zoo,4,62
753,ant,43,2,zoo,4,62
754,human,43,2,zoo,4,62
755,giraffe,44,2,zoo,1,63
756,elephant,44,2,zoo,1,63
757,gorilla,44,2,zoo,1,63
758,penguin,44,2,zoo,1,63
759,duck,44,2,zoo,1,63
760,monkey,44,2,zoo,1,63
761,elephant,44,2,zoo,1,63
762,rhino,44,2,zoo,1,63
763,goose,44,2,zoo,1,63
764,dog,44,2,zoo,1,63
765,rat,44,2,zoo,1,63
766,mouse,44,2,zoo,1,63
767,elephant,44,2,zoo,3,64
768,gorilla,44,2,zoo,3,64
769,crocodile,44,2,zoo,3,64
770,monkey,44,2,zoo,3,64
771,mole,44,2,zoo,3,64
772,skunk,44,2,zoo,3,64
773,raccoon,44,2,zoo,3,64
774,cheetah,44,2,zoo,3,64
775,lion,44,2,zoo,3,64
776,gorilla,44,2,zoo,3,64
777,alligator,44,2,zoo,3,64
778,monkey,45,2,zoo,1,65
779,lion,45,2,zoo,1,65
780,monkey,45,2,zoo,1,65
781,lion,45,2,zoo,1,65
782,bear,45,2,zoo,1,65
783,zebra,45,2,zoo,1,65
784,kangaroo,45,2,zoo,1,65
785,penguin,45,2,zoo,1,65
786,baboon,45,2,zoo,1,65
787,gorilla,45,2,zoo,1,65
788,panda,45,2,zoo,1,65
789,bunny,45,2,zoo,1,65
790,squirrel,45,2,zoo,1,65
791,monkey,45,2,zoo,3,66
792,kangaroo,45,2,zoo,3,66
793,leopard,45,2,zoo,3,66
794,bear,45,2,zoo,3,66
795,zebra,45,2,zoo,3,66
796,bunny,45,2,zoo,3,66
797,squirrel,45,2,zoo,3,66
798,lion,46,2,zoo,1,67
799,cat,46,2,zoo,1,67
800,dog,46,2,zoo,1,67
801,penguin,46,2,zoo,1,67
802,snake,46,2,zoo,1,67
803,owl,46,2,zoo,1,67
804,bird,46,2,zoo,1,67
805,horse,46,2,zoo,1,67
806,monkey,46,2,zoo,1,67
807,pigeon,46,2,zoo,1,67
808,egg,46,2,zoo,1,67
809,water,46,2,zoo,1,67
810,animal,46,2,zoo,1,67
811,bat,46,2,zoo,3,68
812,dog,46,2,zoo,3,68
813,snake,46,2,zoo,3,68
814,owl,46,2,zoo,3,68
815,penguin,46,2,zoo,3,68
816,snake,46,2,zoo,3,68
817,fish,46,2,zoo,3,68
818,cat,46,2,zoo,3,68
819,tiger,47,2,zoo,1,69
820,lion,47,2,zoo,1,69
821,bear,47,2,zoo,1,69
822,monkey,47,2,zoo,1,69
823,panda,47,2,zoo,1,69
824,turtle,47,2,zoo,1,69
825,giraffe,47,2,zoo,1,69
826,chimpanzee,47,2,zoo,1,69
827,parrot,47,2,zoo,1,69
828,bird,47,2,zoo,1,69
829,playground,47,2,zoo,1,69
830,place ice,47,2,zoo,1,69
831,lime ice,47,2,zoo,1,69
832,bear,47,2,zoo,1,69
833,bear,47,2,zoo,1,69
834,lion,47,2,zoo,3,70
835,tiger,47,2,zoo,3,70
836,bear,47,2,zoo,3,70
837,bear,47,2,zoo,3,70
838,giraffe,47,2,zoo,3,70
839,giraffe,47,2,zoo,3,70
840,turtle,47,2,zoo,3,70
841,playground,47,2,zoo,3,70
842,place ice,47,2,zoo,3,70
843,giraffe,47,2,zoo,3,70
844,place,47,2,zoo,3,70
845,monkey,47,2,zoo,3,70
846,flamingo,47,2,zoo,3,70
847,parrot,47,2,zoo,3,70
848,penguin,48,2,zoo,2,71
849,horse,48,2,zoo,2,71
850,cow,48,2,zoo,2,71
851,giraffe,48,2,zoo,2,71
852,hippo,48,2,zoo,2,71
853,turtle,48,2,zoo,2,71
854,elephant,48,2,zoo,2,71
855,snake,48,2,zoo,2,71
856,frog,48,2,zoo,2,71
857,lizard,48,2,zoo,2,71
858,penguin,48,2,zoo,4,72
859,starfish,48,2,zoo,4,72
860,giraffe,48,2,zoo,4,72
861,shark,48,2,zoo,4,72
862,turtle,48,2,zoo,4,72
863,elephant,48,2,zoo,4,72
864,giraffe,48,2,zoo,4,72
865,horse,48,2,zoo,4,72
866,cow,48,2,zoo,4,72
867,snake,48,2,zoo,4,72
868,frog,48,2,zoo,4,72
869,turtle,48,2,zoo,4,72
870,salamander,48,2,zoo,4,72
871,lizard,48,2,zoo,4,72
872,fish,48,2,zoo,4,72
873,cheetah,49,2,zoo,2,73
874,elephant,49,2,zoo,2,73
875,lion,49,2,zoo,2,73
876,turtle,49,2,zoo,2,73
877,gazelle,49,2,zoo,2,73
878,parrot,49,2,zoo,2,73
879,penguin,49,2,zoo,2,73
880,snake,49,2,zoo,2,73
881,sea urchin,49,2,zoo,2,73
882,sea cucumber,49,2,zoo,2,73
883,stingray,49,2,zoo,2,73
884,shark,49,2,zoo,2,73
885,cat,49,2,zoo,4,74
886,cheetah,49,2,zoo,4,74
887,tiger,49,2,zoo,4,74
888,turtle,49,2,zoo,4,74
889,shark,49,2,zoo,4,74
890,penguin,49,2,zoo,4,74
891,jellyfish,49,2,zoo,4,74
892,sea turtle,49,2,zoo,4,74
893,ray,49,2,zoo,4,74
894,halibut,49,2,zoo,4,74
895,jellyfish,49,2,zoo,4,74
896,krill,49,2,zoo,4,74
